Control_F1:  0.8051948051948052
Control_Recall:  0.744
Control_Precision:  0.8773584905660378
Contrast_F1:  0.7318020058233581
Contrast_Recall:  0.7108736643620365
Contrast_Precision:  0.754
Faithfulness:  0.9363425925925926
Consistency:  0.8759671179883946
Para_Consistency:  0.8886666666666667
Cont_Faithfulness:  0.9306666666666666
Cont_Consistency:  0.7546666666666667
Numerical_Para_Consistency:  0.8616071428571429
Numerical_Cont_Faithfulness:  0.9736842105263158
Numerical_Cont_Consistency:  0.9135802469135802
Definitions_Consistency:  0.922
Para_F1:  0.796622097114708
Para_Recall:  0.7546666666666667
Para_Precision:  0.8435171385991058
Cont_F1:  0.0
Cont_Recall:  0.0
Cont_Precision:  0.0
Numerical_Para_F1:  0.6538461538461539
Numerical_Para_Recall:  0.5604395604395604
Numerical_Para_Precision:  0.7846153846153846
Numerical_Cont_F1:  0.0
Numerical_Cont_Recall:  0.0
Numerical_Cont_Precision:  0.0
Definitions_F1:  0.7643122676579925
Definitions_Recall:  0.6853333333333333
Definitions_Precision:  0.8638655462184874
