Control_F1:  0.7673860911270983
Control_Recall:  0.64
Control_Precision:  0.9580838323353293
Contrast_F1:  0.6418786692759295
Contrast_Recall:  0.5153991200502829
Contrast_Precision:  0.8506224066390041
Faithfulness:  0.9583333333333334
Consistency:  0.8803191489361702
Para_Consistency:  0.9133333333333333
Cont_Faithfulness:  0.9586666666666667
Cont_Consistency:  0.88
Numerical_Para_Consistency:  0.8883928571428571
Numerical_Cont_Faithfulness:  0.956140350877193
Numerical_Cont_Consistency:  0.9876543209876543
Definitions_Consistency:  0.8346666666666667
Para_F1:  0.7597765363128491
Para_Recall:  0.6346666666666667
Para_Precision:  0.9463220675944334
Cont_F1:  0.0
Cont_Recall:  0.0
Cont_Precision:  0.0
Numerical_Para_F1:  0.6231884057971014
Numerical_Para_Recall:  0.4725274725274725
Numerical_Para_Precision:  0.9148936170212766
Numerical_Cont_F1:  0.0
Numerical_Cont_Recall:  0.0
Numerical_Cont_Precision:  0.0
Definitions_F1:  0.5706161137440758
Definitions_Recall:  0.4013333333333333
Definitions_Precision:  0.9868852459016394
