Control_F1:  0.8
Control_Recall:  0.832
Control_Precision:  0.7703703703703704
Contrast_F1:  0.6504398826979472
Contrast_Recall:  0.6970458830923947
Contrast_Precision:  0.6096756459593183
Faithfulness:  0.8449074074074074
Consistency:  0.784816247582205
Para_Consistency:  0.8646666666666667
Cont_Faithfulness:  0.852
Cont_Consistency:  0.624
Numerical_Para_Consistency:  0.7946428571428571
Numerical_Cont_Faithfulness:  0.7982456140350878
Numerical_Cont_Consistency:  0.7654320987654321
Definitions_Consistency:  0.786
Para_F1:  0.7584020291693088
Para_Recall:  0.7973333333333333
Para_Precision:  0.7230955259975816
Cont_F1:  0.0
Cont_Recall:  0.0
Cont_Precision:  0.0
Numerical_Para_F1:  0.6632124352331606
Numerical_Para_Recall:  0.7032967032967034
Numerical_Para_Precision:  0.6274509803921569
Numerical_Cont_F1:  0.0
Numerical_Cont_Recall:  0.0
Numerical_Cont_Precision:  0.0
Definitions_F1:  0.6737000753579503
Definitions_Recall:  0.596
Definitions_Precision:  0.7746967071057193
