Control_F1:  0.7817047817047817
Control_Recall:  0.752
Control_Precision:  0.8138528138528138
Contrast_F1:  0.692063492063492
Contrast_Recall:  0.6851037083595223
Contrast_Precision:  0.6991661321359846
Faithfulness:  0.8935185185185185
Consistency:  0.8283365570599613
Para_Consistency:  0.8586666666666667
Cont_Faithfulness:  0.8853333333333333
Cont_Consistency:  0.6986666666666667
Numerical_Para_Consistency:  0.7901785714285714
Numerical_Cont_Faithfulness:  0.9473684210526315
Numerical_Cont_Consistency:  0.8703703703703703
Definitions_Consistency:  0.864
Para_F1:  0.7843137254901961
Para_Recall:  0.7733333333333333
Para_Precision:  0.7956104252400549
Cont_F1:  0.0
Cont_Recall:  0.0
Cont_Precision:  0.0
Numerical_Para_F1:  0.5562913907284768
Numerical_Para_Recall:  0.46153846153846156
Numerical_Para_Precision:  0.7
Numerical_Cont_F1:  0.0
Numerical_Cont_Recall:  0.0
Numerical_Cont_Precision:  0.0
Definitions_F1:  0.718342287029931
Definitions_Recall:  0.624
Definitions_Precision:  0.8462929475587704
