Control_F1:  0.6029723991507431
Control_Recall:  0.568
Control_Precision:  0.6425339366515838
Contrast_F1:  0.5443037974683544
Contrast_Recall:  0.5945945945945946
Contrast_Precision:  0.5018567639257294
Faithfulness:  0.7881944444444444
Consistency:  0.6233075435203095
Para_Consistency:  0.628
Cont_Faithfulness:  0.7853333333333333
Cont_Consistency:  0.572
Numerical_Para_Consistency:  0.6383928571428571
Numerical_Cont_Faithfulness:  0.8070175438596491
Numerical_Cont_Consistency:  0.5802469135802469
Definitions_Consistency:  0.6466666666666666
Para_F1:  0.6286890871654084
Para_Recall:  0.6106666666666667
Para_Precision:  0.6478076379066479
Cont_F1:  0.0
Cont_Recall:  0.0
Cont_Precision:  0.0
Numerical_Para_F1:  0.5164835164835165
Numerical_Para_Recall:  0.5164835164835165
Numerical_Para_Precision:  0.5164835164835165
Numerical_Cont_F1:  0.0
Numerical_Cont_Recall:  0.0
Numerical_Cont_Precision:  0.0
Definitions_F1:  0.6163522012578616
Definitions_Recall:  0.588
Definitions_Precision:  0.6475770925110133
