Control_F1:  0.8492569002123143
Control_Recall:  0.8
Control_Precision:  0.9049773755656109
Contrast_F1:  0.6798365122615804
Contrast_Recall:  0.6272784412319296
Contrast_Precision:  0.7420074349442379
Faithfulness:  0.9166666666666666
Consistency:  0.8225338491295938
Para_Consistency:  0.888
Cont_Faithfulness:  0.9173333333333333
Cont_Consistency:  0.752
Numerical_Para_Consistency:  0.875
Numerical_Cont_Faithfulness:  0.9122807017543859
Numerical_Cont_Consistency:  0.9197530864197531
Definitions_Consistency:  0.774
Para_F1:  0.8177339901477833
Para_Recall:  0.7746666666666666
Para_Precision:  0.8658718330849479
Cont_F1:  0.0
Cont_Recall:  0.0
Cont_Precision:  0.0
Numerical_Para_F1:  0.6887417218543046
Numerical_Para_Recall:  0.5714285714285714
Numerical_Para_Precision:  0.8666666666666667
Numerical_Cont_F1:  0.0
Numerical_Cont_Recall:  0.0
Numerical_Cont_Precision:  0.0
Definitions_F1:  0.6336805555555556
Definitions_Recall:  0.4866666666666667
Definitions_Precision:  0.9079601990049752
