Control_F1:  0.8559322033898306
Control_Recall:  0.808
Control_Precision:  0.9099099099099099
Contrast_F1:  0.7716338644173696
Contrast_Recall:  0.7762413576367064
Contrast_Precision:  0.7670807453416149
Faithfulness:  0.9166666666666666
Consistency:  0.8687137330754352
Para_Consistency:  0.8933333333333333
Cont_Faithfulness:  0.9186666666666666
Cont_Consistency:  0.7546666666666667
Numerical_Para_Consistency:  0.8303571428571429
Numerical_Cont_Faithfulness:  0.9035087719298246
Numerical_Cont_Consistency:  0.9135802469135802
Definitions_Consistency:  0.902
Para_F1:  0.8406593406593407
Para_Recall:  0.816
Para_Precision:  0.8668555240793201
Cont_F1:  0.0
Cont_Recall:  0.0
Cont_Precision:  0.0
Numerical_Para_F1:  0.788235294117647
Numerical_Para_Recall:  0.7362637362637363
Numerical_Para_Precision:  0.8481012658227848
Numerical_Cont_F1:  0.0
Numerical_Cont_Recall:  0.0
Numerical_Cont_Precision:  0.0
Definitions_F1:  0.8116788321167884
Definitions_Recall:  0.7413333333333333
Definitions_Precision:  0.896774193548387
