Control_F1:  0.7361963190184049
Control_Recall:  0.72
Control_Precision:  0.7531380753138075
Contrast_F1:  0.6437258973598339
Contrast_Recall:  0.6819610307982401
Contrast_Precision:  0.6095505617977528
Faithfulness:  0.8321759259259259
Consistency:  0.7468568665377177
Para_Consistency:  0.796
Cont_Faithfulness:  0.82
Cont_Consistency:  0.6386666666666667
Numerical_Para_Consistency:  0.7232142857142857
Numerical_Cont_Faithfulness:  0.9122807017543859
Numerical_Cont_Consistency:  0.8024691358024691
Definitions_Consistency:  0.7493333333333333
Para_F1:  0.7321063394683026
Para_Recall:  0.716
Para_Precision:  0.7489539748953975
Cont_F1:  0.0
Cont_Recall:  0.0
Cont_Precision:  0.0
Numerical_Para_F1:  0.5827814569536424
Numerical_Para_Recall:  0.4835164835164835
Numerical_Para_Precision:  0.7333333333333333
Numerical_Cont_F1:  0.0
Numerical_Cont_Recall:  0.0
Numerical_Cont_Precision:  0.0
Definitions_F1:  0.7034193998604327
Definitions_Recall:  0.672
Definitions_Precision:  0.7379209370424598
