Control_F1:  0.6077922077922078
Control_Recall:  0.468
Control_Precision:  0.8666666666666667
Contrast_F1:  0.4224622030237581
Contrast_Recall:  0.3073538654934004
Contrast_Precision:  0.675414364640884
Faithfulness:  0.9340277777777778
Consistency:  0.8324468085106383
Para_Consistency:  0.8406666666666667
Cont_Faithfulness:  0.9266666666666666
Cont_Consistency:  0.852
Numerical_Para_Consistency:  0.84375
Numerical_Cont_Faithfulness:  0.9824561403508771
Numerical_Cont_Consistency:  0.9382716049382716
Definitions_Consistency:  0.8013333333333333
Para_F1:  0.5963149078726968
Para_Recall:  0.4746666666666667
Para_Precision:  0.8018018018018018
Cont_F1:  0.0
Cont_Recall:  0.0
Cont_Precision:  0.0
Numerical_Para_F1:  0.3130434782608696
Numerical_Para_Recall:  0.1978021978021978
Numerical_Para_Precision:  0.75
Numerical_Cont_F1:  0.0
Numerical_Cont_Recall:  0.0
Numerical_Cont_Precision:  0.0
Definitions_F1:  0.26047565118912797
Definitions_Recall:  0.15333333333333332
Definitions_Precision:  0.8646616541353384
