Control_F1:  0.8492569002123143
Control_Recall:  0.8
Control_Precision:  0.9049773755656109
Contrast_F1:  0.7544797233574347
Contrast_Recall:  0.754242614707731
Contrast_Precision:  0.7547169811320755
Faithfulness:  0.9247685185185185
Consistency:  0.8718568665377177
Para_Consistency:  0.8826666666666667
Cont_Faithfulness:  0.92
Cont_Consistency:  0.7666666666666667
Numerical_Para_Consistency:  0.8482142857142857
Numerical_Cont_Faithfulness:  0.956140350877193
Numerical_Cont_Consistency:  0.9506172839506173
Definitions_Consistency:  0.9086666666666666
Para_F1:  0.8125435540069686
Para_Recall:  0.7773333333333333
Para_Precision:  0.8510948905109489
Cont_F1:  0.0
Cont_Recall:  0.0
Cont_Precision:  0.0
Numerical_Para_F1:  0.7361963190184049
Numerical_Para_Recall:  0.6593406593406593
Numerical_Para_Precision:  0.8333333333333334
Numerical_Cont_F1:  0.0
Numerical_Cont_Recall:  0.0
Numerical_Cont_Precision:  0.0
Definitions_F1:  0.7979942693409742
Definitions_Recall:  0.7426666666666667
Definitions_Precision:  0.8622291021671826
