Control_F1:  0.8607068607068608
Control_Recall:  0.828
Control_Precision:  0.8961038961038961
Contrast_F1:  0.7614824200190053
Contrast_Recall:  0.7554996857322439
Contrast_Precision:  0.7675606641123882
Faithfulness:  0.9201388888888888
Consistency:  0.8653288201160542
Para_Consistency:  0.906
Cont_Faithfulness:  0.9226666666666666
Cont_Consistency:  0.744
Numerical_Para_Consistency:  0.8571428571428571
Numerical_Cont_Faithfulness:  0.9035087719298246
Numerical_Cont_Consistency:  0.9012345679012346
Definitions_Consistency:  0.8826666666666667
Para_F1:  0.8346020761245675
Para_Recall:  0.804
Para_Precision:  0.8676258992805755
Cont_F1:  0.0
Cont_Recall:  0.0
Cont_Precision:  0.0
Numerical_Para_F1:  0.7305389221556886
Numerical_Para_Recall:  0.6703296703296703
Numerical_Para_Precision:  0.8026315789473685
Numerical_Cont_F1:  0.0
Numerical_Cont_Recall:  0.0
Numerical_Cont_Precision:  0.0
Definitions_F1:  0.799405646359584
Definitions_Recall:  0.7173333333333334
Definitions_Precision:  0.9026845637583892
