Control_F1:  0.7317073170731707
Control_Recall:  0.72
Control_Precision:  0.743801652892562
Contrast_F1:  0.5549936788874842
Contrast_Recall:  0.5518541797611565
Contrast_Precision:  0.5581691036236491
Faithfulness:  0.7951388888888888
Consistency:  0.6951160541586073
Para_Consistency:  0.7713333333333333
Cont_Faithfulness:  0.78
Cont_Consistency:  0.6213333333333333
Numerical_Para_Consistency:  0.7142857142857143
Numerical_Cont_Faithfulness:  0.8947368421052632
Numerical_Cont_Consistency:  0.7654320987654321
Definitions_Consistency:  0.6453333333333333
Para_F1:  0.7280108254397835
Para_Recall:  0.7173333333333334
Para_Precision:  0.739010989010989
Cont_F1:  0.0
Cont_Recall:  0.0
Cont_Precision:  0.0
Numerical_Para_F1:  0.569620253164557
Numerical_Para_Recall:  0.4945054945054945
Numerical_Para_Precision:  0.6716417910447762
Numerical_Cont_F1:  0.0
Numerical_Cont_Recall:  0.0
Numerical_Cont_Precision:  0.0
Definitions_F1:  0.5051369863013698
Definitions_Recall:  0.3933333333333333
Definitions_Precision:  0.7057416267942583
