Control_F1:  0.7849686847599165
Control_Recall:  0.752
Control_Precision:  0.8209606986899564
Contrast_F1:  0.6897214217098944
Contrast_Recall:  0.6769327467001885
Contrast_Precision:  0.7030026109660574
Faithfulness:  0.8958333333333334
Consistency:  0.8322050290135397
Para_Consistency:  0.8653333333333333
Cont_Faithfulness:  0.8853333333333333
Cont_Consistency:  0.7
Numerical_Para_Consistency:  0.7901785714285714
Numerical_Cont_Faithfulness:  0.9649122807017544
Numerical_Cont_Consistency:  0.8580246913580247
Definitions_Consistency:  0.8686666666666667
Para_F1:  0.7833219412166781
Para_Recall:  0.764
Para_Precision:  0.8036465638148668
Cont_F1:  0.0
Cont_Recall:  0.0
Cont_Precision:  0.0
Numerical_Para_F1:  0.5555555555555556
Numerical_Para_Recall:  0.43956043956043955
Numerical_Para_Precision:  0.7547169811320755
Numerical_Cont_F1:  0.0
Numerical_Cont_Recall:  0.0
Numerical_Cont_Precision:  0.0
Definitions_F1:  0.7149460708782742
Definitions_Recall:  0.6186666666666667
Definitions_Precision:  0.8467153284671532
