Control_F1:  0.8096280087527352
Control_Recall:  0.74
Control_Precision:  0.893719806763285
Contrast_F1:  0.6746739876458476
Contrast_Recall:  0.6178504085480829
Contrast_Precision:  0.7430083144368859
Faithfulness:  0.9293981481481481
Consistency:  0.8116537717601547
Para_Consistency:  0.822
Cont_Faithfulness:  0.9253333333333333
Cont_Consistency:  0.7893333333333333
Numerical_Para_Consistency:  0.78125
Numerical_Cont_Faithfulness:  0.956140350877193
Numerical_Cont_Consistency:  0.9012345679012346
Definitions_Consistency:  0.8073333333333333
Para_F1:  0.7426856714178545
Para_Recall:  0.66
Para_Precision:  0.8490566037735849
Cont_F1:  0.0
Cont_Recall:  0.0
Cont_Precision:  0.0
Numerical_Para_F1:  0.6338028169014085
Numerical_Para_Recall:  0.4945054945054945
Numerical_Para_Precision:  0.8823529411764706
Numerical_Cont_F1:  0.0
Numerical_Cont_Recall:  0.0
Numerical_Cont_Precision:  0.0
Definitions_F1:  0.7009493670886076
Definitions_Recall:  0.5906666666666667
Definitions_Precision:  0.8618677042801557
