Control_F1:  0.6939655172413793
Control_Recall:  0.644
Control_Precision:  0.7523364485981309
Contrast_F1:  0.5762822606991179
Contrast_Recall:  0.5543683218101823
Contrast_Precision:  0.6
Faithfulness:  0.8379629629629629
Consistency:  0.7940038684719536
Para_Consistency:  0.84
Cont_Faithfulness:  0.8293333333333334
Cont_Consistency:  0.6826666666666666
Numerical_Para_Consistency:  0.7901785714285714
Numerical_Cont_Faithfulness:  0.8947368421052632
Numerical_Cont_Consistency:  0.808641975308642
Definitions_Consistency:  0.8026666666666666
Para_F1:  0.693935119887165
Para_Recall:  0.656
Para_Precision:  0.7365269461077845
Cont_F1:  0.0
Cont_Recall:  0.0
Cont_Precision:  0.0
Numerical_Para_F1:  0.5205479452054794
Numerical_Para_Recall:  0.4175824175824176
Numerical_Para_Precision:  0.6909090909090909
Numerical_Cont_F1:  0.0
Numerical_Cont_Recall:  0.0
Numerical_Cont_Precision:  0.0
Definitions_F1:  0.5799011532125206
Definitions_Recall:  0.4693333333333333
Definitions_Precision:  0.7586206896551724
