Control_F1:  0.5969387755102041
Control_Recall:  0.468
Control_Precision:  0.823943661971831
Contrast_F1:  0.563793752352277
Contrast_Recall:  0.47077309868007544
Contrast_Precision:  0.702626641651032
Faithfulness:  0.9224537037037037
Consistency:  0.7925531914893617
Para_Consistency:  0.7766666666666666
Cont_Faithfulness:  0.924
Cont_Consistency:  0.8173333333333334
Numerical_Para_Consistency:  0.7544642857142857
Numerical_Cont_Faithfulness:  0.9122807017543859
Numerical_Cont_Consistency:  0.9012345679012346
Definitions_Consistency:  0.79
Para_F1:  0.5916453537936914
Para_Recall:  0.46266666666666667
Para_Precision:  0.8203309692671394
Cont_F1:  0.0
Cont_Recall:  0.0
Cont_Precision:  0.0
Numerical_Para_F1:  0.4732824427480916
Numerical_Para_Recall:  0.34065934065934067
Numerical_Para_Precision:  0.775
Numerical_Cont_F1:  0.0
Numerical_Cont_Recall:  0.0
Numerical_Cont_Precision:  0.0
Definitions_F1:  0.6096959737058341
Definitions_Recall:  0.49466666666666664
Definitions_Precision:  0.7944325481798715
