Control_F1:  0.810126582278481
Control_Recall:  0.768
Control_Precision:  0.8571428571428571
Contrast_F1:  0.6691500169319337
Contrast_Recall:  0.6209930861093652
Contrast_Precision:  0.7254038179148311
Faithfulness:  0.9178240740740741
Consistency:  0.8326885880077369
Para_Consistency:  0.8873333333333333
Cont_Faithfulness:  0.9253333333333333
Cont_Consistency:  0.7413333333333333
Numerical_Para_Consistency:  0.8616071428571429
Numerical_Cont_Faithfulness:  0.868421052631579
Numerical_Cont_Consistency:  0.8333333333333334
Definitions_Consistency:  0.8193333333333334
Para_F1:  0.7855655794587092
Para_Recall:  0.7546666666666667
Para_Precision:  0.8191027496382055
Cont_F1:  0.0
Cont_Recall:  0.0
Cont_Precision:  0.0
Numerical_Para_F1:  0.6744186046511628
Numerical_Para_Recall:  0.6373626373626373
Numerical_Para_Precision:  0.7160493827160493
Numerical_Cont_F1:  0.0
Numerical_Cont_Recall:  0.0
Numerical_Cont_Precision:  0.0
Definitions_F1:  0.6259673258813414
Definitions_Recall:  0.48533333333333334
Definitions_Precision:  0.8813559322033898
