Control_F1:  0.8571428571428571
Control_Recall:  0.828
Control_Precision:  0.8884120171673819
Contrast_F1:  0.7656786271450858
Contrast_Recall:  0.771213073538655
Contrast_Precision:  0.7602230483271375
Faithfulness:  0.9224537037037037
Consistency:  0.8735493230174082
Para_Consistency:  0.9
Cont_Faithfulness:  0.924
Cont_Consistency:  0.7506666666666667
Numerical_Para_Consistency:  0.8348214285714286
Numerical_Cont_Faithfulness:  0.9122807017543859
Numerical_Cont_Consistency:  0.9074074074074074
Definitions_Consistency:  0.9106666666666666
Para_F1:  0.8250871080139373
Para_Recall:  0.7893333333333333
Para_Precision:  0.8642335766423358
Cont_F1:  0.0
Cont_Recall:  0.0
Cont_Precision:  0.0
Numerical_Para_F1:  0.757396449704142
Numerical_Para_Recall:  0.7032967032967034
Numerical_Para_Precision:  0.8205128205128205
Numerical_Cont_F1:  0.0
Numerical_Cont_Recall:  0.0
Numerical_Cont_Precision:  0.0
Definitions_F1:  0.8192252510760402
Definitions_Recall:  0.7613333333333333
Definitions_Precision:  0.8866459627329193
