Control_F1:  0.8407643312101911
Control_Recall:  0.792
Control_Precision:  0.8959276018099548
Contrast_F1:  0.7630597014925373
Contrast_Recall:  0.771213073538655
Contrast_Precision:  0.7550769230769231
Faithfulness:  0.9212962962962963
Consistency:  0.874274661508704
Para_Consistency:  0.886
Cont_Faithfulness:  0.9186666666666666
Cont_Consistency:  0.76
Numerical_Para_Consistency:  0.875
Numerical_Cont_Faithfulness:  0.9385964912280702
Numerical_Cont_Consistency:  0.9382716049382716
Definitions_Consistency:  0.9126666666666666
Para_F1:  0.8185595567867036
Para_Recall:  0.788
Para_Precision:  0.8515850144092219
Cont_F1:  0.0
Cont_Recall:  0.0
Cont_Precision:  0.0
Numerical_Para_F1:  0.7484662576687117
Numerical_Para_Recall:  0.6703296703296703
Numerical_Para_Precision:  0.8472222222222222
Numerical_Cont_F1:  0.0
Numerical_Cont_Recall:  0.0
Numerical_Cont_Precision:  0.0
Definitions_F1:  0.8110014104372355
Definitions_Recall:  0.7666666666666667
Definitions_Precision:  0.8607784431137725
