Control_F1:  0.8583509513742071
Control_Recall:  0.812
Control_Precision:  0.9103139013452914
Contrast_F1:  0.7287635290259101
Contrast_Recall:  0.6983029541169076
Contrast_Precision:  0.7620027434842249
Faithfulness:  0.9120370370370371
Consistency:  0.8464700193423598
Para_Consistency:  0.888
Cont_Faithfulness:  0.9146666666666666
Cont_Consistency:  0.7693333333333333
Numerical_Para_Consistency:  0.875
Numerical_Cont_Faithfulness:  0.8947368421052632
Numerical_Cont_Consistency:  0.9320987654320988
Definitions_Consistency:  0.83
Para_F1:  0.8242766407904023
Para_Recall:  0.7786666666666666
Para_Precision:  0.8755622188905547
Cont_F1:  0.0
Cont_Recall:  0.0
Cont_Precision:  0.0
Numerical_Para_F1:  0.7375
Numerical_Para_Recall:  0.6483516483516484
Numerical_Para_Precision:  0.855072463768116
Numerical_Cont_F1:  0.0
Numerical_Cont_Recall:  0.0
Numerical_Cont_Precision:  0.0
Definitions_F1:  0.7358490566037735
Definitions_Recall:  0.624
Definitions_Precision:  0.896551724137931
