Control_F1:  0.7430997876857749
Control_Recall:  0.7918552036199095
Control_Precision:  0.7
Contrast_F1:  0.62263546008336
Contrast_Recall:  0.6354712041884817
Contrast_Precision:  0.6103079824010057
Faithfulness:  0.8877314814814815
Consistency:  0.816972920696325
Para_Consistency:  0.8493333333333334
Cont_Faithfulness:  0.8826666666666667
Cont_Consistency:  0.6906666666666667
Numerical_Para_Consistency:  0.8125
Numerical_Cont_Faithfulness:  0.9210526315789473
Numerical_Cont_Consistency:  0.808641975308642
Definitions_Consistency:  0.8493333333333334
Para_F1:  0.7002126151665485
Para_Recall:  0.7473524962178517
Para_Precision:  0.6586666666666666
Cont_F1:  -1
Cont_Recall:  -1
Cont_Precision:  -1
Numerical_Para_F1:  0.5503355704697986
Numerical_Para_Recall:  0.7068965517241379
Numerical_Para_Precision:  0.45054945054945056
Numerical_Cont_F1:  -1
Numerical_Cont_Recall:  -1
Numerical_Cont_Precision:  -1
Definitions_F1:  0.6581132075471698
Definitions_Recall:  0.7582608695652174
Definitions_Precision:  0.5813333333333334
