Control_F1:  0.8319327731092437
Control_Recall:  0.792
Control_Precision:  0.8761061946902655
Contrast_F1:  0.7305582445950306
Contrast_Recall:  0.7115021998742929
Contrast_Precision:  0.7506631299734748
Faithfulness:  0.9155092592592593
Consistency:  0.836073500967118
Para_Consistency:  0.8613333333333333
Cont_Faithfulness:  0.9133333333333333
Cont_Consistency:  0.7293333333333333
Numerical_Para_Consistency:  0.8571428571428571
Numerical_Cont_Faithfulness:  0.9298245614035088
Numerical_Cont_Consistency:  0.9135802469135802
Definitions_Consistency:  0.8526666666666667
Para_F1:  0.8174273858921162
Para_Recall:  0.788
Para_Precision:  0.8491379310344828
Cont_F1:  0.0
Cont_Recall:  0.0
Cont_Precision:  0.0
Numerical_Para_F1:  0.7625
Numerical_Para_Recall:  0.6703296703296703
Numerical_Para_Precision:  0.8840579710144928
Numerical_Cont_F1:  0.0
Numerical_Cont_Recall:  0.0
Numerical_Cont_Precision:  0.0
Definitions_F1:  0.7413127413127413
Definitions_Recall:  0.64
Definitions_Precision:  0.8807339449541285
