Control_F1:  0.8203991130820399
Control_Recall:  0.74
Control_Precision:  0.9203980099502488
Contrast_F1:  0.7297481279782164
Contrast_Recall:  0.6737900691389064
Contrast_Precision:  0.7958426132145509
Faithfulness:  0.9525462962962963
Consistency:  0.8769342359767892
Para_Consistency:  0.882
Cont_Faithfulness:  0.956
Cont_Consistency:  0.8253333333333334
Numerical_Para_Consistency:  0.8258928571428571
Numerical_Cont_Faithfulness:  0.9298245614035088
Numerical_Cont_Consistency:  0.9691358024691358
Definitions_Consistency:  0.8953333333333333
Para_F1:  0.7789317507418397
Para_Recall:  0.7
Para_Precision:  0.8779264214046822
Cont_F1:  0.0
Cont_Recall:  0.0
Cont_Precision:  0.0
Numerical_Para_F1:  0.6618705035971223
Numerical_Para_Recall:  0.5054945054945055
Numerical_Para_Precision:  0.9583333333333334
Numerical_Cont_F1:  0.0
Numerical_Cont_Recall:  0.0
Numerical_Cont_Precision:  0.0
Definitions_F1:  0.7619771863117871
Definitions_Recall:  0.668
Definitions_Precision:  0.8867256637168142
