Control_F1:  0.5098039215686274
Control_Recall:  0.364
Control_Precision:  0.8504672897196262
Contrast_F1:  0.347006129184347
Contrast_Recall:  0.23130106851037083
Contrast_Precision:  0.6943396226415094
Faithfulness:  0.9583333333333334
Consistency:  0.8558994197292069
Para_Consistency:  0.872
Cont_Faithfulness:  0.9546666666666667
Cont_Consistency:  0.8733333333333333
Numerical_Para_Consistency:  0.8571428571428571
Numerical_Cont_Faithfulness:  0.9824561403508771
Numerical_Cont_Consistency:  0.9567901234567902
Definitions_Consistency:  0.82
Para_F1:  0.5277525022747953
Para_Recall:  0.38666666666666666
Para_Precision:  0.830945558739255
Cont_F1:  0.0
Cont_Recall:  0.0
Cont_Precision:  0.0
Numerical_Para_F1:  0.34234234234234234
Numerical_Para_Recall:  0.2087912087912088
Numerical_Para_Precision:  0.95
Numerical_Cont_F1:  0.0
Numerical_Cont_Recall:  0.0
Numerical_Cont_Precision:  0.0
Definitions_F1:  0.14443084455324356
Definitions_Recall:  0.07866666666666666
Definitions_Precision:  0.8805970149253731
