Control_F1:  0.5822102425876011
Control_Recall:  0.432
Control_Precision:  0.8925619834710744
Contrast_F1:  0.4173757277205553
Contrast_Recall:  0.2928975487115022
Contrast_Precision:  0.7258566978193146
Faithfulness:  0.9629629629629629
Consistency:  0.8578336557059961
Para_Consistency:  0.8606666666666667
Cont_Faithfulness:  0.9573333333333334
Cont_Consistency:  0.888
Numerical_Para_Consistency:  0.8482142857142857
Numerical_Cont_Faithfulness:  1.0
Numerical_Cont_Consistency:  0.9506172839506173
Definitions_Consistency:  0.8313333333333334
Para_F1:  0.5342831700801425
Para_Recall:  0.4
Para_Precision:  0.8042895442359249
Cont_F1:  0.0
Cont_Recall:  0.0
Cont_Precision:  0.0
Numerical_Para_F1:  0.30357142857142855
Numerical_Para_Recall:  0.18681318681318682
Numerical_Para_Precision:  0.8095238095238095
Numerical_Cont_F1:  0.0
Numerical_Cont_Recall:  0.0
Numerical_Cont_Precision:  0.0
Definitions_F1:  0.32532751091703055
Definitions_Recall:  0.19866666666666666
Definitions_Precision:  0.8975903614457831
